73802.305
76903.805
78617.57
82357.04
85647.445
87613.86
88339.71
91683.17
94600.81
91408.375
88164.75
92131.04
93593.57
94763.36
94845.18
90281.38
86726.76
82350.93
81230.55
84542.945
83512.805
83506
85534.43
88627.95
89944.43
89232.72
88039.9
88261.09
89083.875
89741.586
90763.95
92908.914
92713.2
92399.77
93136.4
94308.11
91172.055
91601.2
91004.99
91872.88
91007.94
89378.18
89671.125
86589.57
81521.48
83435.08
81912.36
78985.04
80374.15
80453.97
78949.2
78155.1
77729.664
79893.95
78683.47
72562.67
76307.38
77627.72
76326.86
76799.57
